1 0.613750 0.667969 0.088750 0.074219
0 0.519062 0.416992 0.065625 0.082031
4 0.476250 0.820801 0.090000 0.053711
2 0.519375 0.399414 0.040000 0.027344
2 0.571875 0.524414 0.040000 0.027344
2 0.641563 0.483887 0.026875 0.026367
2 0.798125 0.293457 0.026250 0.026367
2 0.455937 0.171387 0.021875 0.026367
2 0.469062 0.354980 0.021875 0.026367
2 0.355312 0.446777 0.021875 0.026367
2 0.572812 0.459473 0.021875 0.026367
2 0.439688 0.624512 0.021875 0.026367
2 0.602187 0.661621 0.021875 0.026367
2 0.377188 0.712402 0.021875 0.026367
2 0.394062 0.800293 0.021875 0.026367
2 0.576875 0.279785 0.015000 0.026367
2 0.599375 0.501465 0.013750 0.026367
