2 0.328125 0.216797 0.297500 0.091797
1 0.335938 0.522949 0.140625 0.079102
2 0.325313 0.301270 0.120625 0.086914
2 0.335625 0.074707 0.117500 0.081055
2 0.454062 0.334961 0.121875 0.074219
2 0.411875 0.385742 0.118750 0.076172
2 0.241875 0.418457 0.125000 0.069336
2 0.291250 0.034668 0.118750 0.069336
2 0.415625 0.137207 0.117500 0.069336
0 0.506250 0.459473 0.063750 0.086914
3 0.316250 0.606934 0.110000 0.041992
2 0.345625 0.340820 0.041250 0.027344
2 0.508125 0.440430 0.041250 0.027344
2 0.313437 0.519043 0.020625 0.026367
2 0.406875 0.383301 0.020000 0.026367
2 0.256563 0.538574 0.013125 0.026367
2 0.262813 0.312012 0.011875 0.026367
