2 0.500938 0.084961 0.148125 0.074219
0 0.494375 0.474609 0.062500 0.082031
3 0.478125 0.486816 0.100000 0.041992
2 0.493750 0.456055 0.041250 0.027344
2 0.433750 0.419922 0.040000 0.027344
2 0.105313 0.319824 0.021875 0.026367
2 0.257812 0.404785 0.021875 0.026367
2 0.102188 0.429199 0.021875 0.026367
2 0.207813 0.537598 0.021875 0.026367
2 0.436563 0.542480 0.021875 0.026367
2 0.547188 0.621582 0.021875 0.026367
2 0.447188 0.676270 0.021875 0.026367
2 0.295312 0.701660 0.021875 0.026367
2 0.469062 0.793457 0.021875 0.026367
2 0.423750 0.369629 0.018750 0.026367
2 0.376875 0.419434 0.018750 0.026367
2 0.290000 0.607910 0.013750 0.026367
2 0.356563 0.658691 0.013125 0.026367
2 0.350938 0.732910 0.013125 0.026367
