3 0.424375 0.180176 0.143750 0.041992
0 0.492812 0.459961 0.068125 0.083984
3 0.417812 0.071289 0.148125 0.037109
2 0.560937 0.034668 0.068125 0.069336
1 0.210313 0.426270 0.066875 0.067383
2 0.448750 0.154785 0.065000 0.067383
3 0.415938 0.048340 0.103125 0.040039
3 0.426875 0.125977 0.081250 0.033203
3 0.417187 0.099121 0.059375 0.038086
2 0.574375 0.223633 0.041250 0.027344
2 0.321250 0.263672 0.041250 0.027344
2 0.495000 0.442383 0.041250 0.027344
2 0.197500 0.416992 0.016250 0.027344
2 0.618125 0.703125 0.017500 0.025391
